11604
12198
12798
12804
12882
13182
13320
13404
13476
13524
14484
14514
14928
15144
15522
16044
16164
16638
16836
17178
17196
17994
18486
18906
18954
19812
21636
21774
21870
22284
22356
22554
24108
29418
29844
29850
29856
29862
29880
29892
29952
29958
29970
30804
31176
31236
31440
31482
32562
33060
33936
34014
34146
34194
34464
34998
36102
36336
38898
46818
55836
59808
62328
64752
78906
96264
97248
98898
98904
98988
107478
108210
108612
108966
108972
109182
110328
127800
136806
137652
138228
139242
140064
142404
148908
153006
154104
154110
154128
157866
157872
158028
158910
161994
162714
163032
167490
169026
169218
170286
176334
177300
178038
180402
182754
182910